{"nbformat":4,"nbformat_minor":0,"metadata":{"colab":{"provenance":[],"mount_file_id":"1a74UPykhXorkrpyxxIn_heMpvcJDsY5c","authorship_tag":"ABX9TyMrNBFHarsxP3hF9jjeV4UM"},"kernelspec":{"name":"python3","display_name":"Python 3"},"language_info":{"name":"python"}},"cells":[{"cell_type":"code","source":["import pandas as pd\n","import numpy as np\n","import plotly.graph_objects as go\n","import plotly.express as px\n","from plotly.subplots import make_subplots\n","import plotly.io as pio\n","from sklearn.decomposition import PCA\n","from sklearn.preprocessing import StandardScaler\n","from sklearn.cluster import KMeans\n","from scipy.cluster.hierarchy import dendrogram, linkage\n","#pio.templates.default = \"plotly_white\""],"metadata":{"id":"oMNrHNXvuLtG","executionInfo":{"status":"ok","timestamp":1734677715264,"user_tz":300,"elapsed":87,"user":{"displayName":"Shubham Malviya","userId":"04061401619797023542"}}},"execution_count":34,"outputs":[]},{"cell_type":"code","source":["# import training dataset\n","d1 = pd.read_csv(\"../../ML_datasets/QSAR_Molecular_Structure_Predictions/train_rows.csv\")"],"metadata":{"id":"2Zi2Dq1yAzEF","executionInfo":{"status":"ok","timestamp":1734670152732,"user_tz":300,"elapsed":374,"user":{"displayName":"Shubham Malviya","userId":"04061401619797023542"}}},"execution_count":4,"outputs":[]},{"cell_type":"code","source":["print(d1.head())"],"metadata":{"colab":{"base_uri":"https://localhost:8080/"},"id":"AJUAFcvJBjmY","executionInfo":{"status":"ok","timestamp":1734670152733,"user_tz":300,"elapsed":7,"user":{"displayName":"Shubham Malviya","userId":"04061401619797023542"}},"outputId":"6670ffe9-e10c-4ce7-9046-7353969aad87"},"execution_count":5,"outputs":[{"output_type":"stream","name":"stdout","text":["   SpMax_L  J_Dz(e)  nHM  F01[N-N]  F04[C-N]  NssssC  nCb-    C%  nCp  nO  \\\n","0    3.919   2.6909    0         0         0       0     0  31.4    2   0   \n","1    4.170   2.1144    0         0         0       0     0  30.8    1   1   \n","2    3.932   3.2512    0         0         0       0     0  26.7    2   4   \n","3    3.000   2.7098    0         0         0       0     0  20.0    0   2   \n","4    4.236   3.3944    0         0         0       0     0  29.4    2   4   \n","\n","   ...  C-026  F02[C-N]  nHDon  SpMax_B(m)  Psi_i_A  nN  SM6_B(m)  nArCOOR  \\\n","0  ...      0         0      0       2.949    1.591   0     7.253        0   \n","1  ...      0         0      0       3.315    1.967   0     7.257        0   \n","2  ...      0         0      1       3.076    2.417   0     7.601        0   \n","3  ...      0         0      1       3.046    5.000   0     6.690        0   \n","4  ...      0         0      0       3.351    2.405   0     8.003        0   \n","\n","   nX  Class  \n","0   0      1  \n","1   0      1  \n","2   0      1  \n","3   0      1  \n","4   0      1  \n","\n","[5 rows x 42 columns]\n"]}]},{"cell_type":"code","source":["features = d1.columns\n","print(features)"],"metadata":{"colab":{"base_uri":"https://localhost:8080/"},"id":"B7-rj7-_BnYA","executionInfo":{"status":"ok","timestamp":1734670153295,"user_tz":300,"elapsed":138,"user":{"displayName":"Shubham Malviya","userId":"04061401619797023542"}},"outputId":"2ff75808-c2a2-438a-b11d-959c2c1ff1b7"},"execution_count":6,"outputs":[{"output_type":"stream","name":"stdout","text":["Index(['SpMax_L', 'J_Dz(e)', 'nHM', 'F01[N-N]', 'F04[C-N]', 'NssssC', 'nCb-',\n","       'C%', 'nCp', 'nO', 'F03[C-N]', 'SdssC', 'HyWi_B(m)', 'LOC', 'SM6_L',\n","       'F03[C-O]', 'Me', 'Mi', 'nN-N', 'nArNO2', 'nCRX3', 'SpPosA_B(p)',\n","       'nCIR', 'B01[C-Br]', 'B03[C-Cl]', 'N-073', 'SpMax_A', 'Psi_i_1d',\n","       'B04[C-Br]', 'SdO', 'TI2_L', 'nCrt', 'C-026', 'F02[C-N]', 'nHDon',\n","       'SpMax_B(m)', 'Psi_i_A', 'nN', 'SM6_B(m)', 'nArCOOR', 'nX', 'Class'],\n","      dtype='object')\n"]}]},{"cell_type":"code","source":["# 1) Find the correlation between features and plot them\n","# Compute the correlation matrix\n","correlation_matrix = d1.corr()\n","\n","# Extract all pairwise correlations\n","correlations = correlation_matrix.unstack()\n","\n","# Plot the heatmap using Plotly\n","fig = px.imshow(\n","    correlation_matrix,\n","    text_auto=\".2f\",\n","    #color_continuous_scale=\"coolwarm\",\n","    title=\"Correlation Matrix Heatmap\",\n","    labels={\"color\": \"Correlation\"},\n",")\n","\n","# Customize layout\n","fig.update_layout(\n","    xaxis=dict(title=\"Features\", tickangle=45),\n","    yaxis=dict(title=\"Features\"),\n","    title_x=0.5  # Center the title\n",")\n","\n","fig.show()\n"],"metadata":{"colab":{"base_uri":"https://localhost:8080/","height":542},"id":"TTCQlpbECA24","executionInfo":{"status":"ok","timestamp":1734676466243,"user_tz":300,"elapsed":227,"user":{"displayName":"Shubham Malviya","userId":"04061401619797023542"}},"outputId":"35c66cf3-26a1-46f6-e54f-56c15e5a4d8c"},"execution_count":30,"outputs":[{"output_type":"display_data","data":{"text/html":["<html>\n","<head><meta charset=\"utf-8\" /></head>\n","<body>\n","    <div>            <script src=\"https://cdnjs.cloudflare.com/ajax/libs/mathjax/2.7.5/MathJax.js?config=TeX-AMS-MML_SVG\"></script><script type=\"text/javascript\">if (window.MathJax && window.MathJax.Hub && window.MathJax.Hub.Config) {window.MathJax.Hub.Config({SVG: {font: \"STIX-Web\"}});}</script>                <script type=\"text/javascript\">window.PlotlyConfig = {MathJaxConfig: 'local'};</script>\n","        <script charset=\"utf-8\" src=\"https://cdn.plot.ly/plotly-2.35.2.min.js\"></script>                <div id=\"4c612dd9-4b58-48c2-81be-fc03515d7785\" class=\"plotly-graph-div\" style=\"height:525px; width:100%;\"></div>            <script type=\"text/javascript\">                                    window.PLOTLYENV=window.PLOTLYENV || {};                                    if (document.getElementById(\"4c612dd9-4b58-48c2-81be-fc03515d7785\")) {                    Plotly.newPlot(                        \"4c612dd9-4b58-48c2-81be-fc03515d7785\",                        [{\"coloraxis\":\"coloraxis\",\"name\":\"0\",\"texttemplate\":\"%{z:.2f}\",\"x\":[\"SpMax_L\",\"J_Dz(e)\",\"nHM\",\"F01[N-N]\",\"F04[C-N]\",\"NssssC\",\"nCb-\",\"C%\",\"nCp\",\"nO\",\"F03[C-N]\",\"SdssC\",\"HyWi_B(m)\",\"LOC\",\"SM6_L\",\"F03[C-O]\",\"Me\",\"Mi\",\"nN-N\",\"nArNO2\",\"nCRX3\",\"SpPosA_B(p)\",\"nCIR\",\"B01[C-Br]\",\"B03[C-Cl]\",\"N-073\",\"SpMax_A\",\"Psi_i_1d\",\"B04[C-Br]\",\"SdO\",\"TI2_L\",\"nCrt\",\"C-026\",\"F02[C-N]\",\"nHDon\",\"SpMax_B(m)\",\"Psi_i_A\",\"nN\",\"SM6_B(m)\",\"nArCOOR\",\"nX\",\"Class\"],\"y\":[\"SpMax_L\",\"J_Dz(e)\",\"nHM\",\"F01[N-N]\",\"F04[C-N]\",\"NssssC\",\"nCb-\",\"C%\",\"nCp\",\"nO\",\"F03[C-N]\",\"SdssC\",\"HyWi_B(m)\",\"LOC\",\"SM6_L\",\"F03[C-O]\",\"Me\",\"Mi\",\"nN-N\",\"nArNO2\",\"nCRX3\",\"SpPosA_B(p)\",\"nCIR\",\"B01[C-Br]\",\"B03[C-Cl]\",\"N-073\",\"SpMax_A\",\"Psi_i_1d\",\"B04[C-Br]\",\"SdO\",\"TI2_L\",\"nCrt\",\"C-026\",\"F02[C-N]\",\"nHDon\",\"SpMax_B(m)\",\"Psi_i_A\",\"nN\",\"SM6_B(m)\",\"nArCOOR\",\"nX\",\"Class\"],\"z\":[[1.0,0.2206745987074917,0.274186175245592,-0.0003300740420411348,0.19056563231281595,0.4142778904697687,0.43753685823241156,0.3946107342394102,0.20421749051170918,0.2785288992605407,0.1944495551478539,-0.11112083483424139,0.6343330571671427,-0.08821013297622012,0.9090558045769107,0.4283680806507629,0.22616053174682943,-0.2256566621516179,-0.1274194097801043,0.11748691338284403,0.19509912470141583,0.27766687980286003,0.4391946507212644,-0.012401070208810478,0.15468285994599335,0.05617657684927788,0.9191675935931313,0.01366052268407274,0.036884920578276,0.2605109705510075,-0.01933589984448076,0.21112294151988126,0.3373420054594118,0.13719162913910402,0.05251857652286765,0.30987363946007696,0.03321069889852912,0.05700131890752142,0.4881237492370113,0.09663397931353601,0.3013510045691303,-0.3800586449681282],[0.2206745987074917,1.0,0.06188030673845874,-0.09695795573415837,-0.2189905836870592,0.2360550312846761,-0.2570816164160012,-0.2776592938594029,0.15838969439690434,0.2158391650337076,-0.14008215802668544,-0.18540542159075096,0.028342330784874536,0.3300489829629756,0.1024372599547291,0.1598984357923887,0.40925860226450256,0.3445921239186496,-0.0383407456710915,0.13337361978149814,0.22919472583897138,-0.19672237696618622,-0.5028526145436284,-0.015121853898889566,0.008644102799316909,-0.12463337767345603,0.003909293239442525,0.006607063079171447,-0.052746426018627106,0.12470206378616516,-0.04575610204214374,-0.21222627303668848,-0.11926309558093424,-0.19331381183813096,-0.01806179569669811,0.0899227071244361,0.4355486683541429,-0.09417412874406392,0.08479839723910519,-0.061620181441002,0.260057989553584,0.006071518657301157],[0.274186175245592,0.06188030673845874,1.0,0.028996233861597106,0.0030053897886829547,0.08993331453623934,0.2929151807558266,0.1232846606147845,-0.13313024052311265,-0.09881795743745221,-0.015150874666958162,0.032779939366872034,0.5051591723771677,-0.09348884502959694,0.24066416461250342,-0.03863185884020953,0.41231221342535523,-0.36788561346094245,-0.004628512373883697,-0.037924469234540154,0.18282222610536505,0.5319972038177483,0.19428531964957219,0.3254798940198346,0.5403673331919288,-0.06039833444467773,0.23746372791343487,0.006190489835955602,0.30016490141738744,-0.06999412667870361,-0.04207415828925929,0.20362275090675072,0.47487902227427115,-0.028429018983866745,-0.12738146474244866,0.45750801769968286,0.05762333897094191,-0.04465101176891735,0.5795808881725943,-0.0393429854170232,0.6629108133838382,-0.300193918352539],[-0.0003300740420411348,-0.09695795573415837,0.028996233861597106,1.0,0.5014707208601448,-0.011641541834719911,0.18047483109108522,-0.06928782111520802,-0.0016172741214757883,0.047757717285053534,0.4623062636759639,-0.0775589433067169,0.07737979650366696,-0.05682159277899575,0.05867888135376655,0.008688898082276674,0.04304167419458753,0.10981713705582367,0.43556334726976526,0.020026331479770256,-0.021479737324583283,-0.03514242746757998,0.12467070528780702,-0.03574945207867756,0.11618923034051326,0.2922730855601725,0.02924428630868372,-0.005108374785984887,-0.029588734249703336,0.15237115801513934,0.08372234823736635,-0.03170315531020283,0.21783891301747632,0.5053949868751872,0.16479354452765965,-0.013810201744018957,0.048741751366980314,0.4881250604837381,0.030641539827307378,-0.02755919181231406,0.012008205197670117,-0.1010592976988345],[0.19056563231281595,-0.2189905836870592,0.0030053897886829547,0.5014707208601448,1.0,-0.0023081918867767495,0.3796747487445776,0.1458678758507424,0.00864489482018366,0.07963406716906622,0.8223626235074787,-0.10074631322584082,0.2670302328778335,-0.10258747178443649,0.2977555609868342,0.07784559670832951,0.0011262122346176833,-0.027603775465650043,0.04237171925629165,0.20791892083015895,-0.014643561335800023,0.07801719915782653,0.3329597020047493,-0.06886200260044169,0.11506130579677329,0.25508274235340467,0.2752371526027353,0.001412646562539906,-0.046684486613282936,0.3027361916212889,0.11023689411055185,-0.022265400047451,0.37994493962708853,0.8004268920460804,0.27417215553255814,0.009891642915310346,-0.03541100176434267,0.7390075126957788,0.12432133692847773,-0.05745072966860902,-0.01619760991810973,-0.2520533015808005],[0.4142778904697687,0.2360550312846761,0.08993331453623934,-0.011641541834719911,-0.0023081918867767495,1.0,0.1459086544432273,-0.04908635100670401,0.5373408548986727,0.09545472528708877,-0.022770000934521407,-0.21704296995235595,0.25879003254153826,-0.008221720330998016,0.38566246030469203,0.20642893324395525,0.24694555718263156,0.33087238787560136,-0.025662714598971362,-0.04466602675477436,0.3522701729903541,-0.12368867801350308,0.1453254400025949,-0.008476738659408744,-0.009827885697906324,-0.010324847735910237,0.3040415480088314,0.004738316011953216,-0.025774805123328665,0.010268771272609374,0.057510373380027874,0.22485697018768694,-0.002624441187582195,-0.04842739811301014,0.04839295285286501,0.009978563260827673,0.17118890455405858,-0.08351200089904784,0.11597146256473588,-0.036921074306538584,0.5462598839961027,-0.17409529309720098],[0.43753685823241156,-0.2570816164160012,0.2929151807558266,0.18047483109108522,0.3796747487445776,0.1459086544432273,1.0,0.5864197283988605,0.14760330887206838,0.13586402062428957,0.32212748498436744,-0.14372635124087024,0.5257536447090897,-0.29496954101063905,0.5155120973049944,0.2864253177309873,0.11168202095126002,-0.4798678967606896,-0.03156421968363435,0.16416707490070226,-0.03650388312239057,0.4289650234489723,0.49690515414693825,0.09847775673663746,0.296557446602292,0.13828993757710487,0.5200778191211651,0.007360975564351622,0.1731661269202521,0.22076589639160296,-0.002407483076230856,-0.10439891322705082,0.81811894560484,0.31593813668682463,0.1430486191405632,0.21960942020118485,-0.04404585353076136,0.16646271793408352,0.4039070512567633,0.1163056989495144,0.21354329060820576,-0.32862665581673145],[0.3946107342394102,-0.2776592938594029,0.1232846606147845,-0.06928782111520802,0.1458678758507424,-0.04908635100670401,0.5864197283988605,1.0,-0.22504139452242022,-0.12621690500104762,0.09468141849195952,0.004409588940368332,0.3625907874235401,-0.3569927081637477,0.43814459008674195,0.06242195743957182,-0.044925154370919214,-0.7533847440789238,-0.1500516912208165,0.05363362735413845,-0.08521817851833147,0.6371506434546854,0.5736776706458472,0.05049680633676412,0.2520747500069384,0.12334288727320701,0.5792032945380413,0.01715510771292598,0.15710780215087725,0.05077002624333237,-0.12205540708465805,0.0533779870276218,0.4272523161747518,0.08757567677992885,-0.22968494530470204,0.1583143183247592,-0.22738126036186074,-0.1129500788355895,0.2914750521156746,0.13332203335329781,0.10120274437918668,-0.20283311532974388],[0.20421749051170918,0.15838969439690434,-0.13313024052311265,-0.0016172741214757883,0.00864489482018366,0.5373408548986727,0.14760330887206838,-0.22504139452242022,1.0,0.21025521565784785,-0.012410752060974563,0.022482671241462658,0.1874551895805937,0.26489210439853195,0.2621154024330467,0.3432992760204429,-0.25551678131524064,0.18657235767074773,-0.06456265446060806,-0.08821920753992249,0.04550218272617684,-0.13232443438802874,-0.11206282130997854,-0.03641311000265483,-0.1578874092456511,-0.031312679298662306,0.09086307315617818,-0.002719605476898875,-0.07244140607372974,0.025551728825163166,0.21300286492156942,-0.016123496250564466,-0.07288118525206498,-0.03823044364806376,0.02492498717199762,-0.018610515950594767,-0.19835761833800278,-0.10787146748069512,0.033920744697235244,-0.02011978480362717,-0.07897458800647654,-0.049158173905120596],[0.2785288992605407,0.2158391650337076,-0.09881795743745221,0.047757717285053534,0.07963406716906622,0.09545472528708877,0.13586402062428957,-0.12621690500104762,0.21025521565784785,1.0,0.0875103717342496,-0.48911741615819615,0.34358458745846543,0.3411996617562404,0.38549566217052467,0.8430455562147785,0.23276241926848676,0.10343727633519469,-0.06069118509871922,0.22146210935127741,-0.06180619316101064,-0.3690258501170108,0.0320755664406483,-0.09724866467372424,-0.10093503004730006,-0.07966736336906113,0.24340786381566326,-0.0075351374886939645,-0.09220627188679566,0.74477846836797,0.3670263274030328,-0.02178196631465444,0.10721551935188371,0.047550214355509074,0.1802354778073605,-0.03448258081250199,0.3483097921102513,0.0035712152323530656,0.11661675341033502,0.21199881379604263,-0.10668911206091786,0.18236409412423113],[0.1944495551478539,-0.14008215802668544,-0.015150874666958162,0.4623062636759639,0.8223626235074787,-0.022770000934521407,0.32212748498436744,0.09468141849195952,-0.012410752060974563,0.0875103717342496,1.0,-0.07085437391662905,0.23985794469798327,-0.1083188753786691,0.2872780208189011,0.08183754355271194,0.015346556550443976,0.024995120516193757,0.03357311675444144,0.23306170078254373,-0.02700422018357078,0.06131347313753445,0.2771127811860972,-0.08208607310855844,0.11162982760359683,0.24800498327341422,0.27134348975982076,0.005064031988635039,-0.059739229487027215,0.27150696488000925,0.0715785832880661,-0.03202923694161946,0.3446120540003056,0.7916175599565913,0.24589074082720394,-0.005706123415506197,-0.020118661888420545,0.8401197111835571,0.10673275031616221,-0.059176740518928565,-0.03385910073518513,-0.25272267717801367],[-0.11112083483424139,-0.18540542159075096,0.032779939366872034,-0.0775589433067169,-0.10074631322584082,-0.21704296995235595,-0.14372635124087024,0.004409588940368332,0.022482671241462658,-0.48911741615819615,-0.07085437391662905,1.0,-0.1827119629365549,-0.10643153692452789,-0.16999939246348553,-0.36529788694436477,-0.36629669551022437,-0.14818788942289546,0.005953364956655913,0.014459491264783278,-0.08287674297363348,0.24595933381499965,-0.006747585376209461,0.02716235740272891,-0.018820826827636715,0.014743304889493441,-0.09560397541747971,0.005377386785851657,0.03442265838368664,-0.48392877960394515,-0.1481979730337769,0.061164010333197905,-0.05616756068435426,-0.06866110927200672,-0.20350445598043698,0.028963905667768842,-0.41411950236203754,-0.04747778032265357,-0.06528186509955716,-0.2691368066489967,-0.2013794058937842,-0.09836719302107812],[0.6343330571671427,0.028342330784874536,0.5051591723771677,0.07737979650366696,0.2670302328778335,0.25879003254153826,0.5257536447090897,0.3625907874235401,0.1874551895805937,0.34358458745846543,0.23985794469798327,-0.1827119629365549,1.0,0.23156920491370858,0.8003722203301127,0.4623442784148619,0.14174265591799845,-0.34589626336618484,-0.09658986680238334,0.06691710327210428,0.09795930968700602,0.4626600466788317,0.3843654239343484,0.3334353719489081,0.21612234695832017,0.05763801504643366,0.6696794422146719,0.034611458611105254,0.3129588877290932,0.3269562060942232,0.46271657758023016,0.10729171653593922,0.46992872441589334,0.17971205778143423,-0.040102930931171565,0.5688854027943718,-0.1639798443292154,0.08156056614060732,0.8233923677003937,0.11537465082836697,0.40678132645344256,-0.33215470451199197],[-0.08821013297622012,0.3300489829629756,-0.09348884502959694,-0.05682159277899575,-0.10258747178443649,-0.008221720330998016,-0.29496954101063905,-0.3569927081637477,0.26489210439853195,0.3411996617562404,-0.1083188753786691,-0.10643153692452789,0.23156920491370858,1.0,0.09108045923700378,0.23521921256573147,-0.17013777773063643,0.27672445612822,-0.03144499442223157,-0.03847019131949698,-0.03399231224750944,-0.2968841628685407,-0.43026715879679095,-0.05407813476986205,-0.11561413624524983,-0.12151259614651082,-0.14534918464901697,0.006929799819143944,-0.06084259109250687,0.19091576358624082,0.7541828964166819,-0.11513164475736308,-0.2148611205482084,-0.13619852239053382,-0.037092370465040624,-0.047474883328717576,-0.11487692472064731,-0.09308744672363857,0.015284137132681654,0.05517611797111293,-0.07772082289514291,0.2665232436125973],[0.9090558045769107,0.1024372599547291,0.24066416461250342,0.05867888135376655,0.2977555609868342,0.38566246030469203,0.5155120973049944,0.43814459008674195,0.2621154024330467,0.38549566217052467,0.2872780208189011,-0.16999939246348553,0.8003722203301127,0.09108045923700378,1.0,0.5158700128826822,0.10479652972931183,-0.25771141016801136,-0.13734323176094734,0.10377051801752986,0.12136960422661983,0.273955580126012,0.4842366084085774,-0.02644310661497122,0.13343453299480632,0.08359219158582984,0.922934746794779,0.019492807357276504,0.05428054300006857,0.3617041512749538,0.2909954792947185,0.193907333296479,0.38509251866397765,0.23509144645454533,0.054250322418963014,0.25421363445822825,-0.11962642856062763,0.12762684516389958,0.5136167815722087,0.11962396350956787,0.253454364625647,-0.3240115219323666],[0.4283680806507629,0.1598984357923887,-0.03863185884020953,0.008688898082276674,0.07784559670832951,0.20642893324395525,0.2864253177309873,0.06242195743957182,0.3432992760204429,0.8430455562147785,0.08183754355271194,-0.36529788694436477,0.4623442784148619,0.23521921256573147,0.5158700128826822,1.0,0.10534308969982971,-0.05377088777035157,-0.06257831746726443,0.18075762784880273,-0.058118193866785274,-0.13896226624071858,0.18068653429793727,-0.048229713590942025,-0.07647557827400737,-0.043830546662130224,0.39994827493421786,0.0022519501012412384,-0.03787474484575225,0.6784134151717598,0.2880565454228525,0.03228770366694637,0.1775613144503031,0.0028457325331819596,0.09752240717358196,0.049613728478974745,0.1428733015649744,-0.029170557525913226,0.22218564369053204,0.29273441499463165,-0.07802902837205988,0.0004358122760607176],[0.22616053174682943,0.40925860226450256,0.41231221342535523,0.04304167419458753,0.0011262122346176833,0.24694555718263156,0.11168202095126002,-0.044925154370919214,-0.25551678131524064,0.23276241926848676,0.015346556550443976,-0.36629669551022437,0.14174265591799845,-0.17013777773063643,0.10479652972931183,0.10534308969982971,1.0,0.19421313180669308,0.017704733963833423,0.2684835362777989,0.4616896671662182,-0.07237305134634878,-0.016801103587477696,0.07834574761764482,0.2880333621206001,-0.047568964391938244,0.13610051500824458,0.00685593488045772,0.01910339434598088,0.28804797701100543,-0.2132909315404698,-0.005741278101258778,0.2525965694938296,-0.00028175366792975945,0.06840575757206141,0.14100219599097097,0.8293642985841572,0.04721166410207788,0.21862774975540486,0.05894354957638443,0.6117921716092841,-0.07513903333967611],[-0.2256566621516179,0.3445921239186496,-0.36788561346094245,0.10981713705582367,-0.027603775465650043,0.33087238787560136,-0.4798678967606896,-0.7533847440789238,0.18657235767074773,0.10343727633519469,0.024995120516193757,-0.14818788942289546,-0.34589626336618484,0.27672445612822,-0.25771141016801136,-0.05377088777035157,0.19421313180669308,1.0,0.14566584127401017,0.029610710198844533,0.32416059483429904,-0.7927031060847128,-0.44127017853045264,-0.18715104690268866,-0.267387340395877,-0.04974520443020195,-0.3647777596847933,-0.028101285818390706,-0.25684054063712103,0.013949850289686578,0.11963928440042733,-0.059408758959806234,-0.4047227499039677,0.032803225045392306,0.2585643009049866,-0.298492446551971,0.3822040858695861,0.20855518415072513,-0.3906092915516185,-0.09403260352316975,0.09819298041413287,0.1704952693580488],[-0.1274194097801043,-0.0383407456710915,-0.004628512373883697,0.43556334726976526,0.04237171925629165,-0.025662714598971362,-0.03156421968363435,-0.1500516912208165,-0.06456265446060806,-0.06069118509871922,0.03357311675444144,0.005953364956655913,-0.09658986680238334,-0.03144499442223157,-0.13734323176094734,-0.06257831746726443,0.017704733963833423,0.14566584127401017,1.0,-0.022376866751051768,-0.012000431043631871,-0.10292834999905977,-0.04639937713117054,-0.019972722572673036,0.02041499674277033,-0.01329095822404167,-0.13954624055167145,-0.022382737582445432,-0.016530815049843828,-0.015128609145736752,-0.025031645795642328,-0.017712112742189756,-0.002058261389686455,0.0638631929580299,0.1918617057820675,-0.05243079340477525,0.06498140705083198,0.15867988119932352,-0.07847374538365069,-0.015396937865873771,-0.005367054028821742,-0.06751478384979824],[0.11748691338284403,0.13337361978149814,-0.037924469234540154,0.020026331479770256,0.20791892083015895,-0.04466602675477436,0.16416707490070226,0.05363362735413845,-0.08821920753992249,0.22146210935127741,0.23306170078254373,0.014459491264783278,0.06691710327210428,-0.03847019131949698,0.10377051801752986,0.18075762784880273,0.2684835362777989,0.029610710198844533,-0.022376866751051768,1.0,0.0280935669515011,-0.022081350866216175,0.013293036577115476,-0.0503537698875256,0.09730819855090604,0.009573769561574613,0.135760140330371,0.0017126504687065033,-0.041676283943981096,0.44508959075701404,-0.07821099347606095,-0.04465448543617214,0.24335269439788954,0.2758395042001766,-0.06362866708567282,0.012829842302955025,0.274310864673011,0.23505960681463112,0.06112339143896993,-0.03881763557520728,-0.012439813080547821,-0.15403108910684513],[0.19509912470141583,0.22919472583897138,0.18282222610536505,-0.021479737324583283,-0.014643561335800023,0.3522701729903541,-0.03650388312239057,-0.08521817851833147,0.04550218272617684,-0.06180619316101064,-0.02700422018357078,-0.08287674297363348,0.09795930968700602,-0.03399231224750944,0.12136960422661983,-0.058118193866785274,0.4616896671662182,0.32416059483429904,-0.012000431043631871,0.0280935669515011,1.0,-0.07029990481200708,-0.06778553733147648,0.03279068178107216,0.033331960415292475,-0.01797002098431153,0.08122509400632412,-0.008850949594408249,-0.022350464754010268,-0.034248988482988074,-0.012622051371696913,-0.02394763660289745,-0.032105812973237946,-0.028915416808654035,-0.059790302069439735,0.05907528117237981,0.3095046549560042,-0.04791741097206218,0.09349251510709251,-0.02081740773538862,0.43539106163497693,-0.09128326656971428],[0.27766687980286003,-0.19672237696618622,0.5319972038177483,-0.03514242746757998,0.07801719915782653,-0.12368867801350308,0.4289650234489723,0.6371506434546854,-0.13232443438802874,-0.3690258501170108,0.06131347313753445,0.24595933381499965,0.4626600466788317,-0.2968841628685407,0.273955580126012,-0.13896226624071858,-0.07237305134634878,-0.7927031060847128,-0.10292834999905977,-0.022081350866216175,-0.07029990481200708,1.0,0.3648584293721031,0.33900979426938643,0.3186046740315103,0.08864438489730964,0.35804393822385394,0.077200732259332,0.32307911259737904,-0.16699305031218598,-0.15882131743567046,0.05705365374622626,0.39138490392411635,0.03400540380326097,-0.30743512804138273,0.5400743088093379,-0.38515937016737184,-0.05866870869156293,0.6174510943212604,-0.012220845316417548,0.19745632974030572,-0.39314138107475627],[0.4391946507212644,-0.5028526145436284,0.19428531964957219,0.12467070528780702,0.3329597020047493,0.1453254400025949,0.49690515414693825,0.5736776706458472,-0.11206282130997854,0.0320755664406483,0.2771127811860972,-0.006747585376209461,0.3843654239343484,-0.43026715879679095,0.4842366084085774,0.18068653429793727,-0.016801103587477696,-0.44127017853045264,-0.04639937713117054,0.013293036577115476,-0.06778553733147648,0.3648584293721031,1.0,0.002254321196296303,0.12176092866273475,0.2522057455713833,0.621150188092327,0.007125741006049722,0.06214206221362079,0.15053377092963835,-0.09311040654617968,0.48029727974229447,0.27898490912594104,0.28264363112176766,-0.008138953830281083,0.12928206602500772,-0.18812943664613319,0.1534133179043669,0.2595885720328777,0.11912520711678228,0.1029187297262609,-0.2650360484366655],[-0.012401070208810478,-0.015121853898889566,0.3254798940198346,-0.03574945207867756,-0.06886200260044169,-0.008476738659408744,0.09847775673663746,0.05049680633676412,-0.03641311000265483,-0.09724866467372424,-0.08208607310855844,0.02716235740272891,0.3334353719489081,-0.05407813476986205,-0.02644310661497122,-0.048229713590942025,0.07834574761764482,-0.18715104690268866,-0.019972722572673036,-0.0503537698875256,0.03279068178107216,0.33900979426938643,0.002254321196296303,1.0,-0.054193725562635964,-0.029908112670271544,-0.02118387932833688,0.05723647189245442,0.827669587343166,-0.09497905429622008,-0.0533485276600134,-0.030496536951770636,0.1587528859194085,-0.09419520205068636,-0.07128035519242983,0.6026057499418418,-0.057580084403651796,-0.1133522239495875,0.610039454037158,-0.0346471145802527,0.2687191998633693,-0.12705064395999022],[0.15468285994599335,0.008644102799316909,0.5403673331919288,0.11618923034051326,0.11506130579677329,-0.009827885697906324,0.296557446602292,0.2520747500069384,-0.1578874092456511,-0.10093503004730006,0.11162982760359683,-0.018820826827636715,0.21612234695832017,-0.11561413624524983,0.13343453299480632,-0.07647557827400737,0.2880333621206001,-0.267387340395877,0.02041499674277033,0.09730819855090604,0.033331960415292475,0.3186046740315103,0.12176092866273475,-0.054193725562635964,1.0,-0.03923655637009455,0.17794181449812368,-0.01733066328687365,-0.05258967158717019,-0.006623579640113641,-0.09611852839852918,0.07303008804578044,0.4618560341208175,0.10540000662921051,-0.0685920256208131,0.12095822740327693,0.09358703611016538,0.06019683203559193,0.20926988744785974,-0.02633941326686353,0.40911125012822164,-0.2531152702411978],[0.05617657684927788,-0.12463337767345603,-0.06039833444467773,0.2922730855601725,0.25508274235340467,-0.010324847735910237,0.13828993757710487,0.12334288727320701,-0.031312679298662306,-0.07966736336906113,0.24800498327341422,0.014743304889493441,0.05763801504643366,-0.12151259614651082,0.08359219158582984,-0.043830546662130224,-0.047568964391938244,-0.04974520443020195,-0.01329095822404167,0.009573769561574613,-0.01797002098431153,0.08864438489730964,0.2522057455713833,-0.029908112670271544,-0.03923655637009455,1.0,0.12552691009521172,0.013245666794658627,-0.024754035272016566,-0.0524325655492741,0.0002830379960961983,-0.015844889431264737,0.09999492391414061,0.29666612411964854,0.05162086978979066,-0.0010781996734616542,-0.08819589051292855,0.17866469519327144,0.026715263590224924,-0.002634984365267852,-0.04477692573442516,-0.08691131134572586],[0.9191675935931313,0.003909293239442525,0.23746372791343487,0.02924428630868372,0.2752371526027353,0.3040415480088314,0.5200778191211651,0.5792032945380413,0.09086307315617818,0.24340786381566326,0.27134348975982076,-0.09560397541747971,0.6696794422146719,-0.14534918464901697,0.922934746794779,0.39994827493421786,0.13610051500824458,-0.3647777596847933,-0.13954624055167145,0.135760140330371,0.08122509400632412,0.35804393822385394,0.621150188092327,-0.02118387932833688,0.17794181449812368,0.12552691009521172,1.0,0.0074795028188715815,0.06352939774126067,0.27279458096770826,0.009048237523630322,0.2779710215865012,0.3898256337279873,0.2193241772142968,0.025307784123973193,0.2640380160889633,-0.11191005403883603,0.12081804719408741,0.47302644734402477,0.13397975785073815,0.246473615375,-0.3739101881414877],[0.01366052268407274,0.006607063079171447,0.006190489835955602,-0.005108374785984887,0.001412646562539906,0.004738316011953216,0.007360975564351622,0.01715510771292598,-0.002719605476898875,-0.0075351374886939645,0.005064031988635039,0.005377386785851657,0.034611458611105254,0.006929799819143944,0.019492807357276504,0.0022519501012412384,0.00685593488045772,-0.028101285818390706,-0.022382737582445432,0.0017126504687065033,-0.008850949594408249,0.077200732259332,0.007125741006049722,0.05723647189245442,-0.01733066328687365,0.013245666794658627,0.0074795028188715815,1.0,-0.0015443828563116307,0.007885785887826326,-0.0018538798441888294,0.0025562015448748533,0.006135218067579819,0.011165226054636754,-0.02352390377224557,0.06548421501027223,-0.025261943871807257,0.00409150907872927,0.06330521075307348,0.0016193835213330014,0.005269269012488142,-0.03369418398434898],[0.036884920578276,-0.052746426018627106,0.30016490141738744,-0.029588734249703336,-0.046684486613282936,-0.025774805123328665,0.1731661269202521,0.15710780215087725,-0.07244140607372974,-0.09220627188679566,-0.059739229487027215,0.03442265838368664,0.3129588877290932,-0.06084259109250687,0.05428054300006857,-0.03787474484575225,0.01910339434598088,-0.25684054063712103,-0.016530815049843828,-0.041676283943981096,-0.022350464754010268,0.32307911259737904,0.06214206221362079,0.827669587343166,-0.05258967158717019,-0.024754035272016566,0.06352939774126067,-0.0015443828563116307,1.0,-0.08655621639608514,-0.028804498383486928,-0.021832264016206134,0.23416851154780563,-0.07463698211389609,-0.05840181987601993,0.4995594507447837,-0.1031096349519015,-0.09240235206814702,0.5148988544944771,-0.02867636302726917,0.23870416796309923,-0.09609704534214274],[0.2605109705510075,0.12470206378616516,-0.06999412667870361,0.15237115801513934,0.3027361916212889,0.010268771272609374,0.22076589639160296,0.05077002624333237,0.025551728825163166,0.74477846836797,0.27150696488000925,-0.48392877960394515,0.3269562060942232,0.19091576358624082,0.3617041512749538,0.6784134151717598,0.28804797701100543,0.013949850289686578,-0.015128609145736752,0.44508959075701404,-0.034248988482988074,-0.16699305031218598,0.15053377092963835,-0.09497905429622008,-0.006623579640113641,-0.0524325655492741,0.27279458096770826,0.007885785887826326,-0.08655621639608514,1.0,0.25503808322001387,0.03175405517989808,0.18662414101318878,0.2822623398311692,0.06938048617201037,0.00483603415162606,0.37922553962241456,0.22801215694508054,0.15879685145595787,0.24020768819467045,-0.06952472614605006,0.06875884036716155],[-0.01933589984448076,-0.04575610204214374,-0.04207415828925929,0.08372234823736635,0.11023689411055185,0.057510373380027874,-0.002407483076230856,-0.12205540708465805,0.21300286492156942,0.3670263274030328,0.0715785832880661,-0.1481979730337769,0.46271657758023016,0.7541828964166819,0.2909954792947185,0.2880565454228525,-0.2132909315404698,0.11963928440042733,-0.025031645795642328,-0.07821099347606095,-0.012622051371696913,-0.15882131743567046,-0.09311040654617968,-0.0533485276600134,-0.09611852839852918,0.0002830379960961983,0.009048237523630322,-0.0018538798441888294,-0.028804498383486928,0.25503808322001387,1.0,-0.05801748637490016,-0.00511882192075609,0.07418796099835626,0.000956301928402003,-0.058868246012497134,-0.24141526570112953,0.018209830598763268,0.11506477165117297,0.059332743759650294,-0.019442217195181577,0.16814670024000028],[0.21112294151988126,-0.21222627303668848,0.20362275090675072,-0.03170315531020283,-0.022265400047451,0.22485697018768694,-0.10439891322705082,0.0533779870276218,-0.016123496250564466,-0.02178196631465444,-0.03202923694161946,0.061164010333197905,0.10729171653593922,-0.11513164475736308,0.193907333296479,0.03228770366694637,-0.005741278101258778,-0.059408758959806234,-0.017712112742189756,-0.04465448543617214,-0.02394763660289745,0.05705365374622626,0.48029727974229447,-0.030496536951770636,0.07303008804578044,-0.015844889431264737,0.2779710215865012,0.0025562015448748533,-0.021832264016206134,0.03175405517989808,-0.05801748637490016,1.0,-0.09152148893203013,-0.030256745120358412,-0.04148758189480662,-0.006560560123162105,-0.076269539204051,-0.0574255221390815,0.036637075240167606,-0.019180214121389445,0.16260188155049565,-0.10665415672392439],[0.3373420054594118,-0.11926309558093424,0.47487902227427115,0.21783891301747632,0.37994493962708853,-0.002624441187582195,0.81811894560484,0.4272523161747518,-0.07288118525206498,0.10721551935188371,0.3446120540003056,-0.05616756068435426,0.46992872441589334,-0.2148611205482084,0.38509251866397765,0.1775613144503031,0.2525965694938296,-0.4047227499039677,-0.002058261389686455,0.24335269439788954,-0.032105812973237946,0.39138490392411635,0.27898490912594104,0.1587528859194085,0.4618560341208175,0.09999492391414061,0.3898256337279873,0.006135218067579819,0.23416851154780563,0.18662414101318878,-0.00511882192075609,-0.09152148893203013,1.0,0.3750667737128074,0.15270074606027434,0.25268242747289643,0.05852443520906729,0.22896505872854322,0.4139818670908207,-0.031051130353088544,0.3521377035015767,-0.3186771961267581],[0.13719162913910402,-0.19331381183813096,-0.028429018983866745,0.5053949868751872,0.8004268920460804,-0.04842739811301014,0.31593813668682463,0.08757567677992885,-0.03823044364806376,0.047550214355509074,0.7916175599565913,-0.06866110927200672,0.17971205778143423,-0.13619852239053382,0.23509144645454533,0.0028457325331819596,-0.00028175366792975945,0.032803225045392306,0.0638631929580299,0.2758395042001766,-0.028915416808654035,0.03400540380326097,0.28264363112176766,-0.09419520205068636,0.10540000662921051,0.29666612411964854,0.2193241772142968,0.011165226054636754,-0.07463698211389609,0.2822623398311692,0.07418796099835626,-0.030256745120358412,0.3750667737128074,1.0,0.2817281074992442,-0.04116397601515788,-0.022125272276032452,0.7819288803672888,0.0548349841899487,-0.06527892965063749,-0.04408606108323425,-0.2650511703050635],[0.05251857652286765,-0.01806179569669811,-0.12738146474244866,0.16479354452765965,0.27417215553255814,0.04839295285286501,0.1430486191405632,-0.22968494530470204,0.02492498717199762,0.1802354778073605,0.24589074082720394,-0.20350445598043698,-0.040102930931171565,-0.037092370465040624,0.054250322418963014,0.09752240717358196,0.06840575757206141,0.2585643009049866,0.1918617057820675,-0.06362866708567282,-0.059790302069439735,-0.30743512804138273,-0.008138953830281083,-0.07128035519242983,-0.0685920256208131,0.05162086978979066,0.025307784123973193,-0.02352390377224557,-0.05840181987601993,0.06938048617201037,0.000956301928402003,-0.04148758189480662,0.15270074606027434,0.2817281074992442,1.0,-0.10237095024633494,0.2440341741768197,0.4459146172356993,-0.09436251826599157,-0.09649739344254879,-0.0995094439714639,-0.057699753922010745],[0.30987363946007696,0.0899227071244361,0.45750801769968286,-0.013810201744018957,0.009891642915310346,0.009978563260827673,0.21960942020118485,0.1583143183247592,-0.018610515950594767,-0.03448258081250199,-0.005706123415506197,0.028963905667768842,0.5688854027943718,-0.047474883328717576,0.25421363445822825,0.049613728478974745,0.14100219599097097,-0.298492446551971,-0.05243079340477525,0.012829842302955025,0.05907528117237981,0.5400743088093379,0.12928206602500772,0.6026057499418418,0.12095822740327693,-0.0010781996734616542,0.2640380160889633,0.06548421501027223,0.4995594507447837,0.00483603415162606,-0.058868246012497134,-0.006560560123162105,0.25268242747289643,-0.04116397601515788,-0.10237095024633494,1.0,-0.045334194008511894,-0.05832336198188734,0.9172989509179542,-0.01104630160043214,0.2822169140640669,-0.28775209556606796],[0.03321069889852912,0.4355486683541429,0.05762333897094191,0.048741751366980314,-0.03541100176434267,0.17118890455405858,-0.04404585353076136,-0.22738126036186074,-0.19835761833800278,0.3483097921102513,-0.020118661888420545,-0.41411950236203754,-0.1639798443292154,-0.11487692472064731,-0.11962642856062763,0.1428733015649744,0.8293642985841572,0.3822040858695861,0.06498140705083198,0.274310864673011,0.3095046549560042,-0.38515937016737184,-0.18812943664613319,-0.057580084403651796,0.09358703611016538,-0.08819589051292855,-0.11191005403883603,-0.025261943871807257,-0.1031096349519015,0.37922553962241456,-0.24141526570112953,-0.076269539204051,0.05852443520906729,-0.022125272276032452,0.2440341741768197,-0.045334194008511894,1.0,0.05770059763818223,-0.05555034918396359,0.028100399930519104,0.3048999692304354,0.14371775955291388],[0.05700131890752142,-0.09417412874406392,-0.04465101176891735,0.4881250604837381,0.7390075126957788,-0.08351200089904784,0.16646271793408352,-0.1129500788355895,-0.10787146748069512,0.0035712152323530656,0.8401197111835571,-0.04747778032265357,0.08156056614060732,-0.09308744672363857,0.12762684516389958,-0.029170557525913226,0.04721166410207788,0.20855518415072513,0.15867988119932352,0.23505960681463112,-0.04791741097206218,-0.05866870869156293,0.1534133179043669,-0.1133522239495875,0.06019683203559193,0.17866469519327144,0.12081804719408741,0.00409150907872927,-0.09240235206814702,0.22801215694508054,0.018209830598763268,-0.0574255221390815,0.22896505872854322,0.7819288803672888,0.4459146172356993,-0.05832336198188734,0.05770059763818223,1.0,0.001677259072732367,-0.08408623245362956,-0.08266809638592339,-0.2584589487748461],[0.4881237492370113,0.08479839723910519,0.5795808881725943,0.030641539827307378,0.12432133692847773,0.11597146256473588,0.4039070512567633,0.2914750521156746,0.033920744697235244,0.11661675341033502,0.10673275031616221,-0.06528186509955716,0.8233923677003937,0.015284137132681654,0.5136167815722087,0.22218564369053204,0.21862774975540486,-0.3906092915516185,-0.07847374538365069,0.06112339143896993,0.09349251510709251,0.6174510943212604,0.2595885720328777,0.610039454037158,0.20926988744785974,0.026715263590224924,0.47302644734402477,0.06330521075307348,0.5148988544944771,0.15879685145595787,0.11506477165117297,0.036637075240167606,0.4139818670908207,0.0548349841899487,-0.09436251826599157,0.9172989509179542,-0.05555034918396359,0.001677259072732367,1.0,0.0364074070354538,0.40851182180246914,-0.35974300459164893],[0.09663397931353601,-0.061620181441002,-0.0393429854170232,-0.02755919181231406,-0.05745072966860902,-0.036921074306538584,0.1163056989495144,0.13332203335329781,-0.02011978480362717,0.21199881379604263,-0.059176740